Rise
*
10, 9, 8, 7, 7, 6,     6, 8, 0, 7, 7, 7, 6, 7, 8, 8, 0, 
10, 9, 8, 7, 7, 7, 0, 7, 0, 7, 6, 6, 7, 8, 8, 9, 8, 9, 9, 9, 9, 9, 9, 8, 6, 
0, 0, 6, 8, 9, 9, 9, 8, 9, 9, 8, 6, 0, 
6, 8, 8, 7, 0, 0, 6, 7, 6, 6, 7, 7, 8, 7, 7, 8, 8, 9, 9, 9, 8, 9, 9, 8, 
0, 0, 6, 8, 9, 9, 9, 8, 9, 9, 8, 0, 
10, 9, 9, 8, 7, 7, 6, 6, 0, 7, 8, 8, 7, 7, 6, 6, 10, 9, 8, 7, 7, 
0, 15, 0, 15, 0, 0, 12, 11, 10, 9, 8, 8, 6, 16, 15, 15, 14, 13, 12, 13, 13, 0, 
10, 9, 8, 7, 7, 0, 15, 0, 15, 0, 0, 12, 11, 10, 9, 8, 8, 6, 16, 15, 15, 14, 13, 12, 13, 13, 0, 
*
4, 2, 1, 1, 1, 1,        4, 2, 2, 3, 1, 3, 1, 1, 3, 2, 2, 
2, 2, 1, 1, 2, 2, 2, 2, 2, 2, 1, 1, 2, 2, 4, 4, 2, 2, 2, 2, 1, 1, 3, 1, 1, 
2, 1, 1, 2, 2, 2, 2, 1, 1, 3, 1, 1, 4,
1, 3, 4, 4, 2, 1, 1, 1, 1, 1, 1, 2, 1, 1, 4, 4, 2, 1, 1, 2, 1, 1, 3, 1, 
2, 1, 1, 2, 2, 2, 2, 1, 1, 3, 1, 4, 
3, 1, 1, 1, 2, 3, 1, 2, 2, 3, 1, 2, 2, 2, 2, 4, 2, 2, 1, 1, 2, 
4, 4, 4, 4, 4, 4, 2, 1, 1, 2, 2, 2, 2, 3, 1, 2, 2, 1, 1, 2, 4, 4, 
2, 2, 1, 1, 2, 4, 4, 4, 4, 4, 4, 2, 1, 1, 2, 2, 2, 2, 3, 1, 2, 2, 1, 1, 2, 4, 4